/*--------------------------------*- C++ -*----------------------------------*\
| =========                 |                                                 |
| \\      /  F ield         | OpenFOAM: The Open Source CFD Toolbox           |
|  \\    /   O peration     | Version:  v1912                                 |
|   \\  /    A nd           | Website:  www.openfoam.com                      |
|    \\/     M anipulation  |                                                 |
\*---------------------------------------------------------------------------*/
FoamFile
{
    version     2.0;
    format      ascii;
    class       vectorField;
    location    "constant/polyMesh";
    object      points;
}
// * * * * * * * * * * * * * * * * * * * * * * * * * * * * * * * * * * * * * //


1331
(
(0 0 0)
(0.2760396336 0 0)
(0.5316177499 0 0)
(0.7682510648 0 0)
(0.9873438672 0 0)
(1.190196353 0 0)
(1.378012339 0 0)
(1.551906412 0 0)
(1.712910536 0 0)
(1.861980183 0 0)
(2 0 0)
(0 0.1822654856 0)
(0.2760396336 0.1822654856 0)
(0.5316177499 0.1822654856 0)
(0.7682510648 0.1822654856 0)
(0.9873438672 0.1822654856 0)
(1.190196353 0.1822654856 0)
(1.378012339 0.1822654856 0)
(1.551906412 0.1822654856 0)
(1.712910536 0.1822654856 0)
(1.861980183 0.1822654856 0)
(2 0.1822654856 0)
(0 0.3682609497 0)
(0.2760396336 0.3682609497 0)
(0.5316177499 0.3682609497 0)
(0.7682510648 0.3682609497 0)
(0.9873438672 0.3682609497 0)
(1.190196353 0.3682609497 0)
(1.378012339 0.3682609497 0)
(1.551906412 0.3682609497 0)
(1.712910536 0.3682609497 0)
(1.861980183 0.3682609497 0)
(2 0.3682609497 0)
(0 0.5580627246 0)
(0.2760396336 0.5580627246 0)
(0.5316177499 0.5580627246 0)
(0.7682510648 0.5580627246 0)
(0.9873438672 0.5580627246 0)
(1.190196353 0.5580627246 0)
(1.378012339 0.5580627246 0)
(1.551906412 0.5580627246 0)
(1.712910536 0.5580627246 0)
(1.861980183 0.5580627246 0)
(2 0.5580627246 0)
(0 0.7517487047 0)
(0.2760396336 0.7517487047 0)
(0.5316177499 0.7517487047 0)
(0.7682510648 0.7517487047 0)
(0.9873438672 0.7517487047 0)
(1.190196353 0.7517487047 0)
(1.378012339 0.7517487047 0)
(1.551906412 0.7517487047 0)
(1.712910536 0.7517487047 0)
(1.861980183 0.7517487047 0)
(2 0.7517487047 0)
(0 0.9493983785 0)
(0.2760396336 0.9493983785 0)
(0.5316177499 0.9493983785 0)
(0.7682510648 0.9493983785 0)
(0.9873438672 0.9493983785 0)
(1.190196353 0.9493983785 0)
(1.378012339 0.9493983785 0)
(1.551906412 0.9493983785 0)
(1.712910536 0.9493983785 0)
(1.861980183 0.9493983785 0)
(2 0.9493983785 0)
(0 1.151092861 0)
(0.2760396336 1.151092861 0)
(0.5316177499 1.151092861 0)
(0.7682510648 1.151092861 0)
(0.9873438672 1.151092861 0)
(1.190196353 1.151092861 0)
(1.378012339 1.151092861 0)
(1.551906412 1.151092861 0)
(1.712910536 1.151092861 0)
(1.861980183 1.151092861 0)
(2 1.151092861 0)
(0 1.356914928 0)
(0.2760396336 1.356914928 0)
(0.5316177499 1.356914928 0)
(0.7682510648 1.356914928 0)
(0.9873438672 1.356914928 0)
(1.190196353 1.356914928 0)
(1.378012339 1.356914928 0)
(1.551906412 1.356914928 0)
(1.712910536 1.356914928 0)
(1.861980183 1.356914928 0)
(2 1.356914928 0)
(0 1.566949047 0)
(0.2760396336 1.566949047 0)
(0.5316177499 1.566949047 0)
(0.7682510648 1.566949047 0)
(0.9873438672 1.566949047 0)
(1.190196353 1.566949047 0)
(1.378012339 1.566949047 0)
(1.551906412 1.566949047 0)
(1.712910536 1.566949047 0)
(1.861980183 1.566949047 0)
(2 1.566949047 0)
(0 1.781281417 0)
(0.2760396336 1.781281417 0)
(0.5316177499 1.781281417 0)
(0.7682510648 1.781281417 0)
(0.9873438672 1.781281417 0)
(1.190196353 1.781281417 0)
(1.378012339 1.781281417 0)
(1.551906412 1.781281417 0)
(1.712910536 1.781281417 0)
(1.861980183 1.781281417 0)
(2 1.781281417 0)
(0 2 0)
(0.2760396336 2 0)
(0.5316177499 2 0)
(0.7682510648 2 0)
(0.9873438672 2 0)
(1.190196353 2 0)
(1.378012339 2 0)
(1.551906412 2 0)
(1.712910536 2 0)
(1.861980183 2 0)
(2 2 0)
(0 0 0.2)
(0.2760396336 0 0.2)
(0.5316177499 0 0.2)
(0.7682510648 0 0.2)
(0.9873438672 0 0.2)
(1.190196353 0 0.2)
(1.378012339 0 0.2)
(1.551906412 0 0.2)
(1.712910536 0 0.2)
(1.861980183 0 0.2)
(2 0 0.2)
(0 0.1822654856 0.2)
(0.2760396336 0.1822654856 0.2)
(0.5316177499 0.1822654856 0.2)
(0.7682510648 0.1822654856 0.2)
(0.9873438672 0.1822654856 0.2)
(1.190196353 0.1822654856 0.2)
(1.378012339 0.1822654856 0.2)
(1.551906412 0.1822654856 0.2)
(1.712910536 0.1822654856 0.2)
(1.861980183 0.1822654856 0.2)
(2 0.1822654856 0.2)
(0 0.3682609497 0.2)
(0.2760396336 0.3682609497 0.2)
(0.5316177499 0.3682609497 0.2)
(0.7682510648 0.3682609497 0.2)
(0.9873438672 0.3682609497 0.2)
(1.190196353 0.3682609497 0.2)
(1.378012339 0.3682609497 0.2)
(1.551906412 0.3682609497 0.2)
(1.712910536 0.3682609497 0.2)
(1.861980183 0.3682609497 0.2)
(2 0.3682609497 0.2)
(0 0.5580627246 0.2)
(0.2760396336 0.5580627246 0.2)
(0.5316177499 0.5580627246 0.2)
(0.7682510648 0.5580627246 0.2)
(0.9873438672 0.5580627246 0.2)
(1.190196353 0.5580627246 0.2)
(1.378012339 0.5580627246 0.2)
(1.551906412 0.5580627246 0.2)
(1.712910536 0.5580627246 0.2)
(1.861980183 0.5580627246 0.2)
(2 0.5580627246 0.2)
(0 0.7517487047 0.2)
(0.2760396336 0.7517487047 0.2)
(0.5316177499 0.7517487047 0.2)
(0.7682510648 0.7517487047 0.2)
(0.9873438672 0.7517487047 0.2)
(1.190196353 0.7517487047 0.2)
(1.378012339 0.7517487047 0.2)
(1.551906412 0.7517487047 0.2)
(1.712910536 0.7517487047 0.2)
(1.861980183 0.7517487047 0.2)
(2 0.7517487047 0.2)
(0 0.9493983785 0.2)
(0.2760396336 0.9493983785 0.2)
(0.5316177499 0.9493983785 0.2)
(0.7682510648 0.9493983785 0.2)
(0.9873438672 0.9493983785 0.2)
(1.190196353 0.9493983785 0.2)
(1.378012339 0.9493983785 0.2)
(1.551906412 0.9493983785 0.2)
(1.712910536 0.9493983785 0.2)
(1.861980183 0.9493983785 0.2)
(2 0.9493983785 0.2)
(0 1.151092861 0.2)
(0.2760396336 1.151092861 0.2)
(0.5316177499 1.151092861 0.2)
(0.7682510648 1.151092861 0.2)
(0.9873438672 1.151092861 0.2)
(1.190196353 1.151092861 0.2)
(1.378012339 1.151092861 0.2)
(1.551906412 1.151092861 0.2)
(1.712910536 1.151092861 0.2)
(1.861980183 1.151092861 0.2)
(2 1.151092861 0.2)
(0 1.356914928 0.2)
(0.2760396336 1.356914928 0.2)
(0.5316177499 1.356914928 0.2)
(0.7682510648 1.356914928 0.2)
(0.9873438672 1.356914928 0.2)
(1.190196353 1.356914928 0.2)
(1.378012339 1.356914928 0.2)
(1.551906412 1.356914928 0.2)
(1.712910536 1.356914928 0.2)
(1.861980183 1.356914928 0.2)
(2 1.356914928 0.2)
(0 1.566949047 0.2)
(0.2760396336 1.566949047 0.2)
(0.5316177499 1.566949047 0.2)
(0.7682510648 1.566949047 0.2)
(0.9873438672 1.566949047 0.2)
(1.190196353 1.566949047 0.2)
(1.378012339 1.566949047 0.2)
(1.551906412 1.566949047 0.2)
(1.712910536 1.566949047 0.2)
(1.861980183 1.566949047 0.2)
(2 1.566949047 0.2)
(0 1.781281417 0.2)
(0.2760396336 1.781281417 0.2)
(0.5316177499 1.781281417 0.2)
(0.7682510648 1.781281417 0.2)
(0.9873438672 1.781281417 0.2)
(1.190196353 1.781281417 0.2)
(1.378012339 1.781281417 0.2)
(1.551906412 1.781281417 0.2)
(1.712910536 1.781281417 0.2)
(1.861980183 1.781281417 0.2)
(2 1.781281417 0.2)
(0 2 0.2)
(0.2760396336 2 0.2)
(0.5316177499 2 0.2)
(0.7682510648 2 0.2)
(0.9873438672 2 0.2)
(1.190196353 2 0.2)
(1.378012339 2 0.2)
(1.551906412 2 0.2)
(1.712910536 2 0.2)
(1.861980183 2 0.2)
(2 2 0.2)
(0 0 0.4)
(0.2760396336 0 0.4)
(0.5316177499 0 0.4)
(0.7682510648 0 0.4)
(0.9873438672 0 0.4)
(1.190196353 0 0.4)
(1.378012339 0 0.4)
(1.551906412 0 0.4)
(1.712910536 0 0.4)
(1.861980183 0 0.4)
(2 0 0.4)
(0 0.1822654856 0.4)
(0.2760396336 0.1822654856 0.4)
(0.5316177499 0.1822654856 0.4)
(0.7682510648 0.1822654856 0.4)
(0.9873438672 0.1822654856 0.4)
(1.190196353 0.1822654856 0.4)
(1.378012339 0.1822654856 0.4)
(1.551906412 0.1822654856 0.4)
(1.712910536 0.1822654856 0.4)
(1.861980183 0.1822654856 0.4)
(2 0.1822654856 0.4)
(0 0.3682609497 0.4)
(0.2760396336 0.3682609497 0.4)
(0.5316177499 0.3682609497 0.4)
(0.7682510648 0.3682609497 0.4)
(0.9873438672 0.3682609497 0.4)
(1.190196353 0.3682609497 0.4)
(1.378012339 0.3682609497 0.4)
(1.551906412 0.3682609497 0.4)
(1.712910536 0.3682609497 0.4)
(1.861980183 0.3682609497 0.4)
(2 0.3682609497 0.4)
(0 0.5580627246 0.4)
(0.2760396336 0.5580627246 0.4)
(0.5316177499 0.5580627246 0.4)
(0.7682510648 0.5580627246 0.4)
(0.9873438672 0.5580627246 0.4)
(1.190196353 0.5580627246 0.4)
(1.378012339 0.5580627246 0.4)
(1.551906412 0.5580627246 0.4)
(1.712910536 0.5580627246 0.4)
(1.861980183 0.5580627246 0.4)
(2 0.5580627246 0.4)
(0 0.7517487047 0.4)
(0.2760396336 0.7517487047 0.4)
(0.5316177499 0.7517487047 0.4)
(0.7682510648 0.7517487047 0.4)
(0.9873438672 0.7517487047 0.4)
(1.190196353 0.7517487047 0.4)
(1.378012339 0.7517487047 0.4)
(1.551906412 0.7517487047 0.4)
(1.712910536 0.7517487047 0.4)
(1.861980183 0.7517487047 0.4)
(2 0.7517487047 0.4)
(0 0.9493983785 0.4)
(0.2760396336 0.9493983785 0.4)
(0.5316177499 0.9493983785 0.4)
(0.7682510648 0.9493983785 0.4)
(0.9873438672 0.9493983785 0.4)
(1.190196353 0.9493983785 0.4)
(1.378012339 0.9493983785 0.4)
(1.551906412 0.9493983785 0.4)
(1.712910536 0.9493983785 0.4)
(1.861980183 0.9493983785 0.4)
(2 0.9493983785 0.4)
(0 1.151092861 0.4)
(0.2760396336 1.151092861 0.4)
(0.5316177499 1.151092861 0.4)
(0.7682510648 1.151092861 0.4)
(0.9873438672 1.151092861 0.4)
(1.190196353 1.151092861 0.4)
(1.378012339 1.151092861 0.4)
(1.551906412 1.151092861 0.4)
(1.712910536 1.151092861 0.4)
(1.861980183 1.151092861 0.4)
(2 1.151092861 0.4)
(0 1.356914928 0.4)
(0.2760396336 1.356914928 0.4)
(0.5316177499 1.356914928 0.4)
(0.7682510648 1.356914928 0.4)
(0.9873438672 1.356914928 0.4)
(1.190196353 1.356914928 0.4)
(1.378012339 1.356914928 0.4)
(1.551906412 1.356914928 0.4)
(1.712910536 1.356914928 0.4)
(1.861980183 1.356914928 0.4)
(2 1.356914928 0.4)
(0 1.566949047 0.4)
(0.2760396336 1.566949047 0.4)
(0.5316177499 1.566949047 0.4)
(0.7682510648 1.566949047 0.4)
(0.9873438672 1.566949047 0.4)
(1.190196353 1.566949047 0.4)
(1.378012339 1.566949047 0.4)
(1.551906412 1.566949047 0.4)
(1.712910536 1.566949047 0.4)
(1.861980183 1.566949047 0.4)
(2 1.566949047 0.4)
(0 1.781281417 0.4)
(0.2760396336 1.781281417 0.4)
(0.5316177499 1.781281417 0.4)
(0.7682510648 1.781281417 0.4)
(0.9873438672 1.781281417 0.4)
(1.190196353 1.781281417 0.4)
(1.378012339 1.781281417 0.4)
(1.551906412 1.781281417 0.4)
(1.712910536 1.781281417 0.4)
(1.861980183 1.781281417 0.4)
(2 1.781281417 0.4)
(0 2 0.4)
(0.2760396336 2 0.4)
(0.5316177499 2 0.4)
(0.7682510648 2 0.4)
(0.9873438672 2 0.4)
(1.190196353 2 0.4)
(1.378012339 2 0.4)
(1.551906412 2 0.4)
(1.712910536 2 0.4)
(1.861980183 2 0.4)
(2 2 0.4)
(0 0 0.6)
(0.2760396336 0 0.6)
(0.5316177499 0 0.6)
(0.7682510648 0 0.6)
(0.9873438672 0 0.6)
(1.190196353 0 0.6)
(1.378012339 0 0.6)
(1.551906412 0 0.6)
(1.712910536 0 0.6)
(1.861980183 0 0.6)
(2 0 0.6)
(0 0.1822654856 0.6)
(0.2760396336 0.1822654856 0.6)
(0.5316177499 0.1822654856 0.6)
(0.7682510648 0.1822654856 0.6)
(0.9873438672 0.1822654856 0.6)
(1.190196353 0.1822654856 0.6)
(1.378012339 0.1822654856 0.6)
(1.551906412 0.1822654856 0.6)
(1.712910536 0.1822654856 0.6)
(1.861980183 0.1822654856 0.6)
(2 0.1822654856 0.6)
(0 0.3682609497 0.6)
(0.2760396336 0.3682609497 0.6)
(0.5316177499 0.3682609497 0.6)
(0.7682510648 0.3682609497 0.6)
(0.9873438672 0.3682609497 0.6)
(1.190196353 0.3682609497 0.6)
(1.378012339 0.3682609497 0.6)
(1.551906412 0.3682609497 0.6)
(1.712910536 0.3682609497 0.6)
(1.861980183 0.3682609497 0.6)
(2 0.3682609497 0.6)
(0 0.5580627246 0.6)
(0.2760396336 0.5580627246 0.6)
(0.5316177499 0.5580627246 0.6)
(0.7682510648 0.5580627246 0.6)
(0.9873438672 0.5580627246 0.6)
(1.190196353 0.5580627246 0.6)
(1.378012339 0.5580627246 0.6)
(1.551906412 0.5580627246 0.6)
(1.712910536 0.5580627246 0.6)
(1.861980183 0.5580627246 0.6)
(2 0.5580627246 0.6)
(0 0.7517487047 0.6)
(0.2760396336 0.7517487047 0.6)
(0.5316177499 0.7517487047 0.6)
(0.7682510648 0.7517487047 0.6)
(0.9873438672 0.7517487047 0.6)
(1.190196353 0.7517487047 0.6)
(1.378012339 0.7517487047 0.6)
(1.551906412 0.7517487047 0.6)
(1.712910536 0.7517487047 0.6)
(1.861980183 0.7517487047 0.6)
(2 0.7517487047 0.6)
(0 0.9493983785 0.6)
(0.2760396336 0.9493983785 0.6)
(0.5316177499 0.9493983785 0.6)
(0.7682510648 0.9493983785 0.6)
(0.9873438672 0.9493983785 0.6)
(1.190196353 0.9493983785 0.6)
(1.378012339 0.9493983785 0.6)
(1.551906412 0.9493983785 0.6)
(1.712910536 0.9493983785 0.6)
(1.861980183 0.9493983785 0.6)
(2 0.9493983785 0.6)
(0 1.151092861 0.6)
(0.2760396336 1.151092861 0.6)
(0.5316177499 1.151092861 0.6)
(0.7682510648 1.151092861 0.6)
(0.9873438672 1.151092861 0.6)
(1.190196353 1.151092861 0.6)
(1.378012339 1.151092861 0.6)
(1.551906412 1.151092861 0.6)
(1.712910536 1.151092861 0.6)
(1.861980183 1.151092861 0.6)
(2 1.151092861 0.6)
(0 1.356914928 0.6)
(0.2760396336 1.356914928 0.6)
(0.5316177499 1.356914928 0.6)
(0.7682510648 1.356914928 0.6)
(0.9873438672 1.356914928 0.6)
(1.190196353 1.356914928 0.6)
(1.378012339 1.356914928 0.6)
(1.551906412 1.356914928 0.6)
(1.712910536 1.356914928 0.6)
(1.861980183 1.356914928 0.6)
(2 1.356914928 0.6)
(0 1.566949047 0.6)
(0.2760396336 1.566949047 0.6)
(0.5316177499 1.566949047 0.6)
(0.7682510648 1.566949047 0.6)
(0.9873438672 1.566949047 0.6)
(1.190196353 1.566949047 0.6)
(1.378012339 1.566949047 0.6)
(1.551906412 1.566949047 0.6)
(1.712910536 1.566949047 0.6)
(1.861980183 1.566949047 0.6)
(2 1.566949047 0.6)
(0 1.781281417 0.6)
(0.2760396336 1.781281417 0.6)
(0.5316177499 1.781281417 0.6)
(0.7682510648 1.781281417 0.6)
(0.9873438672 1.781281417 0.6)
(1.190196353 1.781281417 0.6)
(1.378012339 1.781281417 0.6)
(1.551906412 1.781281417 0.6)
(1.712910536 1.781281417 0.6)
(1.861980183 1.781281417 0.6)
(2 1.781281417 0.6)
(0 2 0.6)
(0.2760396336 2 0.6)
(0.5316177499 2 0.6)
(0.7682510648 2 0.6)
(0.9873438672 2 0.6)
(1.190196353 2 0.6)
(1.378012339 2 0.6)
(1.551906412 2 0.6)
(1.712910536 2 0.6)
(1.861980183 2 0.6)
(2 2 0.6)
(0 0 0.8)
(0.2760396336 0 0.8)
(0.5316177499 0 0.8)
(0.7682510648 0 0.8)
(0.9873438672 0 0.8)
(1.190196353 0 0.8)
(1.378012339 0 0.8)
(1.551906412 0 0.8)
(1.712910536 0 0.8)
(1.861980183 0 0.8)
(2 0 0.8)
(0 0.1822654856 0.8)
(0.2760396336 0.1822654856 0.8)
(0.5316177499 0.1822654856 0.8)
(0.7682510648 0.1822654856 0.8)
(0.9873438672 0.1822654856 0.8)
(1.190196353 0.1822654856 0.8)
(1.378012339 0.1822654856 0.8)
(1.551906412 0.1822654856 0.8)
(1.712910536 0.1822654856 0.8)
(1.861980183 0.1822654856 0.8)
(2 0.1822654856 0.8)
(0 0.3682609497 0.8)
(0.2760396336 0.3682609497 0.8)
(0.5316177499 0.3682609497 0.8)
(0.7682510648 0.3682609497 0.8)
(0.9873438672 0.3682609497 0.8)
(1.190196353 0.3682609497 0.8)
(1.378012339 0.3682609497 0.8)
(1.551906412 0.3682609497 0.8)
(1.712910536 0.3682609497 0.8)
(1.861980183 0.3682609497 0.8)
(2 0.3682609497 0.8)
(0 0.5580627246 0.8)
(0.2760396336 0.5580627246 0.8)
(0.5316177499 0.5580627246 0.8)
(0.7682510648 0.5580627246 0.8)
(0.9873438672 0.5580627246 0.8)
(1.190196353 0.5580627246 0.8)
(1.378012339 0.5580627246 0.8)
(1.551906412 0.5580627246 0.8)
(1.712910536 0.5580627246 0.8)
(1.861980183 0.5580627246 0.8)
(2 0.5580627246 0.8)
(0 0.7517487047 0.8)
(0.2760396336 0.7517487047 0.8)
(0.5316177499 0.7517487047 0.8)
(0.7682510648 0.7517487047 0.8)
(0.9873438672 0.7517487047 0.8)
(1.190196353 0.7517487047 0.8)
(1.378012339 0.7517487047 0.8)
(1.551906412 0.7517487047 0.8)
(1.712910536 0.7517487047 0.8)
(1.861980183 0.7517487047 0.8)
(2 0.7517487047 0.8)
(0 0.9493983785 0.8)
(0.2760396336 0.9493983785 0.8)
(0.5316177499 0.9493983785 0.8)
(0.7682510648 0.9493983785 0.8)
(0.9873438672 0.9493983785 0.8)
(1.190196353 0.9493983785 0.8)
(1.378012339 0.9493983785 0.8)
(1.551906412 0.9493983785 0.8)
(1.712910536 0.9493983785 0.8)
(1.861980183 0.9493983785 0.8)
(2 0.9493983785 0.8)
(0 1.151092861 0.8)
(0.2760396336 1.151092861 0.8)
(0.5316177499 1.151092861 0.8)
(0.7682510648 1.151092861 0.8)
(0.9873438672 1.151092861 0.8)
(1.190196353 1.151092861 0.8)
(1.378012339 1.151092861 0.8)
(1.551906412 1.151092861 0.8)
(1.712910536 1.151092861 0.8)
(1.861980183 1.151092861 0.8)
(2 1.151092861 0.8)
(0 1.356914928 0.8)
(0.2760396336 1.356914928 0.8)
(0.5316177499 1.356914928 0.8)
(0.7682510648 1.356914928 0.8)
(0.9873438672 1.356914928 0.8)
(1.190196353 1.356914928 0.8)
(1.378012339 1.356914928 0.8)
(1.551906412 1.356914928 0.8)
(1.712910536 1.356914928 0.8)
(1.861980183 1.356914928 0.8)
(2 1.356914928 0.8)
(0 1.566949047 0.8)
(0.2760396336 1.566949047 0.8)
(0.5316177499 1.566949047 0.8)
(0.7682510648 1.566949047 0.8)
(0.9873438672 1.566949047 0.8)
(1.190196353 1.566949047 0.8)
(1.378012339 1.566949047 0.8)
(1.551906412 1.566949047 0.8)
(1.712910536 1.566949047 0.8)
(1.861980183 1.566949047 0.8)
(2 1.566949047 0.8)
(0 1.781281417 0.8)
(0.2760396336 1.781281417 0.8)
(0.5316177499 1.781281417 0.8)
(0.7682510648 1.781281417 0.8)
(0.9873438672 1.781281417 0.8)
(1.190196353 1.781281417 0.8)
(1.378012339 1.781281417 0.8)
(1.551906412 1.781281417 0.8)
(1.712910536 1.781281417 0.8)
(1.861980183 1.781281417 0.8)
(2 1.781281417 0.8)
(0 2 0.8)
(0.2760396336 2 0.8)
(0.5316177499 2 0.8)
(0.7682510648 2 0.8)
(0.9873438672 2 0.8)
(1.190196353 2 0.8)
(1.378012339 2 0.8)
(1.551906412 2 0.8)
(1.712910536 2 0.8)
(1.861980183 2 0.8)
(2 2 0.8)
(0 0 1)
(0.2760396336 0 1)
(0.5316177499 0 1)
(0.7682510648 0 1)
(0.9873438672 0 1)
(1.190196353 0 1)
(1.378012339 0 1)
(1.551906412 0 1)
(1.712910536 0 1)
(1.861980183 0 1)
(2 0 1)
(0 0.1822654856 1)
(0.2760396336 0.1822654856 1)
(0.5316177499 0.1822654856 1)
(0.7682510648 0.1822654856 1)
(0.9873438672 0.1822654856 1)
(1.190196353 0.1822654856 1)
(1.378012339 0.1822654856 1)
(1.551906412 0.1822654856 1)
(1.712910536 0.1822654856 1)
(1.861980183 0.1822654856 1)
(2 0.1822654856 1)
(0 0.3682609497 1)
(0.2760396336 0.3682609497 1)
(0.5316177499 0.3682609497 1)
(0.7682510648 0.3682609497 1)
(0.9873438672 0.3682609497 1)
(1.190196353 0.3682609497 1)
(1.378012339 0.3682609497 1)
(1.551906412 0.3682609497 1)
(1.712910536 0.3682609497 1)
(1.861980183 0.3682609497 1)
(2 0.3682609497 1)
(0 0.5580627246 1)
(0.2760396336 0.5580627246 1)
(0.5316177499 0.5580627246 1)
(0.7682510648 0.5580627246 1)
(0.9873438672 0.5580627246 1)
(1.190196353 0.5580627246 1)
(1.378012339 0.5580627246 1)
(1.551906412 0.5580627246 1)
(1.712910536 0.5580627246 1)
(1.861980183 0.5580627246 1)
(2 0.5580627246 1)
(0 0.7517487047 1)
(0.2760396336 0.7517487047 1)
(0.5316177499 0.7517487047 1)
(0.7682510648 0.7517487047 1)
(0.9873438672 0.7517487047 1)
(1.190196353 0.7517487047 1)
(1.378012339 0.7517487047 1)
(1.551906412 0.7517487047 1)
(1.712910536 0.7517487047 1)
(1.861980183 0.7517487047 1)
(2 0.7517487047 1)
(0 0.9493983785 1)
(0.2760396336 0.9493983785 1)
(0.5316177499 0.9493983785 1)
(0.7682510648 0.9493983785 1)
(0.9873438672 0.9493983785 1)
(1.190196353 0.9493983785 1)
(1.378012339 0.9493983785 1)
(1.551906412 0.9493983785 1)
(1.712910536 0.9493983785 1)
(1.861980183 0.9493983785 1)
(2 0.9493983785 1)
(0 1.151092861 1)
(0.2760396336 1.151092861 1)
(0.5316177499 1.151092861 1)
(0.7682510648 1.151092861 1)
(0.9873438672 1.151092861 1)
(1.190196353 1.151092861 1)
(1.378012339 1.151092861 1)
(1.551906412 1.151092861 1)
(1.712910536 1.151092861 1)
(1.861980183 1.151092861 1)
(2 1.151092861 1)
(0 1.356914928 1)
(0.2760396336 1.356914928 1)
(0.5316177499 1.356914928 1)
(0.7682510648 1.356914928 1)
(0.9873438672 1.356914928 1)
(1.190196353 1.356914928 1)
(1.378012339 1.356914928 1)
(1.551906412 1.356914928 1)
(1.712910536 1.356914928 1)
(1.861980183 1.356914928 1)
(2 1.356914928 1)
(0 1.566949047 1)
(0.2760396336 1.566949047 1)
(0.5316177499 1.566949047 1)
(0.7682510648 1.566949047 1)
(0.9873438672 1.566949047 1)
(1.190196353 1.566949047 1)
(1.378012339 1.566949047 1)
(1.551906412 1.566949047 1)
(1.712910536 1.566949047 1)
(1.861980183 1.566949047 1)
(2 1.566949047 1)
(0 1.781281417 1)
(0.2760396336 1.781281417 1)
(0.5316177499 1.781281417 1)
(0.7682510648 1.781281417 1)
(0.9873438672 1.781281417 1)
(1.190196353 1.781281417 1)
(1.378012339 1.781281417 1)
(1.551906412 1.781281417 1)
(1.712910536 1.781281417 1)
(1.861980183 1.781281417 1)
(2 1.781281417 1)
(0 2 1)
(0.2760396336 2 1)
(0.5316177499 2 1)
(0.7682510648 2 1)
(0.9873438672 2 1)
(1.190196353 2 1)
(1.378012339 2 1)
(1.551906412 2 1)
(1.712910536 2 1)
(1.861980183 2 1)
(2 2 1)
(0 0 1.2)
(0.2760396336 0 1.2)
(0.5316177499 0 1.2)
(0.7682510648 0 1.2)
(0.9873438672 0 1.2)
(1.190196353 0 1.2)
(1.378012339 0 1.2)
(1.551906412 0 1.2)
(1.712910536 0 1.2)
(1.861980183 0 1.2)
(2 0 1.2)
(0 0.1822654856 1.2)
(0.2760396336 0.1822654856 1.2)
(0.5316177499 0.1822654856 1.2)
(0.7682510648 0.1822654856 1.2)
(0.9873438672 0.1822654856 1.2)
(1.190196353 0.1822654856 1.2)
(1.378012339 0.1822654856 1.2)
(1.551906412 0.1822654856 1.2)
(1.712910536 0.1822654856 1.2)
(1.861980183 0.1822654856 1.2)
(2 0.1822654856 1.2)
(0 0.3682609497 1.2)
(0.2760396336 0.3682609497 1.2)
(0.5316177499 0.3682609497 1.2)
(0.7682510648 0.3682609497 1.2)
(0.9873438672 0.3682609497 1.2)
(1.190196353 0.3682609497 1.2)
(1.378012339 0.3682609497 1.2)
(1.551906412 0.3682609497 1.2)
(1.712910536 0.3682609497 1.2)
(1.861980183 0.3682609497 1.2)
(2 0.3682609497 1.2)
(0 0.5580627246 1.2)
(0.2760396336 0.5580627246 1.2)
(0.5316177499 0.5580627246 1.2)
(0.7682510648 0.5580627246 1.2)
(0.9873438672 0.5580627246 1.2)
(1.190196353 0.5580627246 1.2)
(1.378012339 0.5580627246 1.2)
(1.551906412 0.5580627246 1.2)
(1.712910536 0.5580627246 1.2)
(1.861980183 0.5580627246 1.2)
(2 0.5580627246 1.2)
(0 0.7517487047 1.2)
(0.2760396336 0.7517487047 1.2)
(0.5316177499 0.7517487047 1.2)
(0.7682510648 0.7517487047 1.2)
(0.9873438672 0.7517487047 1.2)
(1.190196353 0.7517487047 1.2)
(1.378012339 0.7517487047 1.2)
(1.551906412 0.7517487047 1.2)
(1.712910536 0.7517487047 1.2)
(1.861980183 0.7517487047 1.2)
(2 0.7517487047 1.2)
(0 0.9493983785 1.2)
(0.2760396336 0.9493983785 1.2)
(0.5316177499 0.9493983785 1.2)
(0.7682510648 0.9493983785 1.2)
(0.9873438672 0.9493983785 1.2)
(1.190196353 0.9493983785 1.2)
(1.378012339 0.9493983785 1.2)
(1.551906412 0.9493983785 1.2)
(1.712910536 0.9493983785 1.2)
(1.861980183 0.9493983785 1.2)
(2 0.9493983785 1.2)
(0 1.151092861 1.2)
(0.2760396336 1.151092861 1.2)
(0.5316177499 1.151092861 1.2)
(0.7682510648 1.151092861 1.2)
(0.9873438672 1.151092861 1.2)
(1.190196353 1.151092861 1.2)
(1.378012339 1.151092861 1.2)
(1.551906412 1.151092861 1.2)
(1.712910536 1.151092861 1.2)
(1.861980183 1.151092861 1.2)
(2 1.151092861 1.2)
(0 1.356914928 1.2)
(0.2760396336 1.356914928 1.2)
(0.5316177499 1.356914928 1.2)
(0.7682510648 1.356914928 1.2)
(0.9873438672 1.356914928 1.2)
(1.190196353 1.356914928 1.2)
(1.378012339 1.356914928 1.2)
(1.551906412 1.356914928 1.2)
(1.712910536 1.356914928 1.2)
(1.861980183 1.356914928 1.2)
(2 1.356914928 1.2)
(0 1.566949047 1.2)
(0.2760396336 1.566949047 1.2)
(0.5316177499 1.566949047 1.2)
(0.7682510648 1.566949047 1.2)
(0.9873438672 1.566949047 1.2)
(1.190196353 1.566949047 1.2)
(1.378012339 1.566949047 1.2)
(1.551906412 1.566949047 1.2)
(1.712910536 1.566949047 1.2)
(1.861980183 1.566949047 1.2)
(2 1.566949047 1.2)
(0 1.781281417 1.2)
(0.2760396336 1.781281417 1.2)
(0.5316177499 1.781281417 1.2)
(0.7682510648 1.781281417 1.2)
(0.9873438672 1.781281417 1.2)
(1.190196353 1.781281417 1.2)
(1.378012339 1.781281417 1.2)
(1.551906412 1.781281417 1.2)
(1.712910536 1.781281417 1.2)
(1.861980183 1.781281417 1.2)
(2 1.781281417 1.2)
(0 2 1.2)
(0.2760396336 2 1.2)
(0.5316177499 2 1.2)
(0.7682510648 2 1.2)
(0.9873438672 2 1.2)
(1.190196353 2 1.2)
(1.378012339 2 1.2)
(1.551906412 2 1.2)
(1.712910536 2 1.2)
(1.861980183 2 1.2)
(2 2 1.2)
(0 0 1.4)
(0.2760396336 0 1.4)
(0.5316177499 0 1.4)
(0.7682510648 0 1.4)
(0.9873438672 0 1.4)
(1.190196353 0 1.4)
(1.378012339 0 1.4)
(1.551906412 0 1.4)
(1.712910536 0 1.4)
(1.861980183 0 1.4)
(2 0 1.4)
(0 0.1822654856 1.4)
(0.2760396336 0.1822654856 1.4)
(0.5316177499 0.1822654856 1.4)
(0.7682510648 0.1822654856 1.4)
(0.9873438672 0.1822654856 1.4)
(1.190196353 0.1822654856 1.4)
(1.378012339 0.1822654856 1.4)
(1.551906412 0.1822654856 1.4)
(1.712910536 0.1822654856 1.4)
(1.861980183 0.1822654856 1.4)
(2 0.1822654856 1.4)
(0 0.3682609497 1.4)
(0.2760396336 0.3682609497 1.4)
(0.5316177499 0.3682609497 1.4)
(0.7682510648 0.3682609497 1.4)
(0.9873438672 0.3682609497 1.4)
(1.190196353 0.3682609497 1.4)
(1.378012339 0.3682609497 1.4)
(1.551906412 0.3682609497 1.4)
(1.712910536 0.3682609497 1.4)
(1.861980183 0.3682609497 1.4)
(2 0.3682609497 1.4)
(0 0.5580627246 1.4)
(0.2760396336 0.5580627246 1.4)
(0.5316177499 0.5580627246 1.4)
(0.7682510648 0.5580627246 1.4)
(0.9873438672 0.5580627246 1.4)
(1.190196353 0.5580627246 1.4)
(1.378012339 0.5580627246 1.4)
(1.551906412 0.5580627246 1.4)
(1.712910536 0.5580627246 1.4)
(1.861980183 0.5580627246 1.4)
(2 0.5580627246 1.4)
(0 0.7517487047 1.4)
(0.2760396336 0.7517487047 1.4)
(0.5316177499 0.7517487047 1.4)
(0.7682510648 0.7517487047 1.4)
(0.9873438672 0.7517487047 1.4)
(1.190196353 0.7517487047 1.4)
(1.378012339 0.7517487047 1.4)
(1.551906412 0.7517487047 1.4)
(1.712910536 0.7517487047 1.4)
(1.861980183 0.7517487047 1.4)
(2 0.7517487047 1.4)
(0 0.9493983785 1.4)
(0.2760396336 0.9493983785 1.4)
(0.5316177499 0.9493983785 1.4)
(0.7682510648 0.9493983785 1.4)
(0.9873438672 0.9493983785 1.4)
(1.190196353 0.9493983785 1.4)
(1.378012339 0.9493983785 1.4)
(1.551906412 0.9493983785 1.4)
(1.712910536 0.9493983785 1.4)
(1.861980183 0.9493983785 1.4)
(2 0.9493983785 1.4)
(0 1.151092861 1.4)
(0.2760396336 1.151092861 1.4)
(0.5316177499 1.151092861 1.4)
(0.7682510648 1.151092861 1.4)
(0.9873438672 1.151092861 1.4)
(1.190196353 1.151092861 1.4)
(1.378012339 1.151092861 1.4)
(1.551906412 1.151092861 1.4)
(1.712910536 1.151092861 1.4)
(1.861980183 1.151092861 1.4)
(2 1.151092861 1.4)
(0 1.356914928 1.4)
(0.2760396336 1.356914928 1.4)
(0.5316177499 1.356914928 1.4)
(0.7682510648 1.356914928 1.4)
(0.9873438672 1.356914928 1.4)
(1.190196353 1.356914928 1.4)
(1.378012339 1.356914928 1.4)
(1.551906412 1.356914928 1.4)
(1.712910536 1.356914928 1.4)
(1.861980183 1.356914928 1.4)
(2 1.356914928 1.4)
(0 1.566949047 1.4)
(0.2760396336 1.566949047 1.4)
(0.5316177499 1.566949047 1.4)
(0.7682510648 1.566949047 1.4)
(0.9873438672 1.566949047 1.4)
(1.190196353 1.566949047 1.4)
(1.378012339 1.566949047 1.4)
(1.551906412 1.566949047 1.4)
(1.712910536 1.566949047 1.4)
(1.861980183 1.566949047 1.4)
(2 1.566949047 1.4)
(0 1.781281417 1.4)
(0.2760396336 1.781281417 1.4)
(0.5316177499 1.781281417 1.4)
(0.7682510648 1.781281417 1.4)
(0.9873438672 1.781281417 1.4)
(1.190196353 1.781281417 1.4)
(1.378012339 1.781281417 1.4)
(1.551906412 1.781281417 1.4)
(1.712910536 1.781281417 1.4)
(1.861980183 1.781281417 1.4)
(2 1.781281417 1.4)
(0 2 1.4)
(0.2760396336 2 1.4)
(0.5316177499 2 1.4)
(0.7682510648 2 1.4)
(0.9873438672 2 1.4)
(1.190196353 2 1.4)
(1.378012339 2 1.4)
(1.551906412 2 1.4)
(1.712910536 2 1.4)
(1.861980183 2 1.4)
(2 2 1.4)
(0 0 1.6)
(0.2760396336 0 1.6)
(0.5316177499 0 1.6)
(0.7682510648 0 1.6)
(0.9873438672 0 1.6)
(1.190196353 0 1.6)
(1.378012339 0 1.6)
(1.551906412 0 1.6)
(1.712910536 0 1.6)
(1.861980183 0 1.6)
(2 0 1.6)
(0 0.1822654856 1.6)
(0.2760396336 0.1822654856 1.6)
(0.5316177499 0.1822654856 1.6)
(0.7682510648 0.1822654856 1.6)
(0.9873438672 0.1822654856 1.6)
(1.190196353 0.1822654856 1.6)
(1.378012339 0.1822654856 1.6)
(1.551906412 0.1822654856 1.6)
(1.712910536 0.1822654856 1.6)
(1.861980183 0.1822654856 1.6)
(2 0.1822654856 1.6)
(0 0.3682609497 1.6)
(0.2760396336 0.3682609497 1.6)
(0.5316177499 0.3682609497 1.6)
(0.7682510648 0.3682609497 1.6)
(0.9873438672 0.3682609497 1.6)
(1.190196353 0.3682609497 1.6)
(1.378012339 0.3682609497 1.6)
(1.551906412 0.3682609497 1.6)
(1.712910536 0.3682609497 1.6)
(1.861980183 0.3682609497 1.6)
(2 0.3682609497 1.6)
(0 0.5580627246 1.6)
(0.2760396336 0.5580627246 1.6)
(0.5316177499 0.5580627246 1.6)
(0.7682510648 0.5580627246 1.6)
(0.9873438672 0.5580627246 1.6)
(1.190196353 0.5580627246 1.6)
(1.378012339 0.5580627246 1.6)
(1.551906412 0.5580627246 1.6)
(1.712910536 0.5580627246 1.6)
(1.861980183 0.5580627246 1.6)
(2 0.5580627246 1.6)
(0 0.7517487047 1.6)
(0.2760396336 0.7517487047 1.6)
(0.5316177499 0.7517487047 1.6)
(0.7682510648 0.7517487047 1.6)
(0.9873438672 0.7517487047 1.6)
(1.190196353 0.7517487047 1.6)
(1.378012339 0.7517487047 1.6)
(1.551906412 0.7517487047 1.6)
(1.712910536 0.7517487047 1.6)
(1.861980183 0.7517487047 1.6)
(2 0.7517487047 1.6)
(0 0.9493983785 1.6)
(0.2760396336 0.9493983785 1.6)
(0.5316177499 0.9493983785 1.6)
(0.7682510648 0.9493983785 1.6)
(0.9873438672 0.9493983785 1.6)
(1.190196353 0.9493983785 1.6)
(1.378012339 0.9493983785 1.6)
(1.551906412 0.9493983785 1.6)
(1.712910536 0.9493983785 1.6)
(1.861980183 0.9493983785 1.6)
(2 0.9493983785 1.6)
(0 1.151092861 1.6)
(0.2760396336 1.151092861 1.6)
(0.5316177499 1.151092861 1.6)
(0.7682510648 1.151092861 1.6)
(0.9873438672 1.151092861 1.6)
(1.190196353 1.151092861 1.6)
(1.378012339 1.151092861 1.6)
(1.551906412 1.151092861 1.6)
(1.712910536 1.151092861 1.6)
(1.861980183 1.151092861 1.6)
(2 1.151092861 1.6)
(0 1.356914928 1.6)
(0.2760396336 1.356914928 1.6)
(0.5316177499 1.356914928 1.6)
(0.7682510648 1.356914928 1.6)
(0.9873438672 1.356914928 1.6)
(1.190196353 1.356914928 1.6)
(1.378012339 1.356914928 1.6)
(1.551906412 1.356914928 1.6)
(1.712910536 1.356914928 1.6)
(1.861980183 1.356914928 1.6)
(2 1.356914928 1.6)
(0 1.566949047 1.6)
(0.2760396336 1.566949047 1.6)
(0.5316177499 1.566949047 1.6)
(0.7682510648 1.566949047 1.6)
(0.9873438672 1.566949047 1.6)
(1.190196353 1.566949047 1.6)
(1.378012339 1.566949047 1.6)
(1.551906412 1.566949047 1.6)
(1.712910536 1.566949047 1.6)
(1.861980183 1.566949047 1.6)
(2 1.566949047 1.6)
(0 1.781281417 1.6)
(0.2760396336 1.781281417 1.6)
(0.5316177499 1.781281417 1.6)
(0.7682510648 1.781281417 1.6)
(0.9873438672 1.781281417 1.6)
(1.190196353 1.781281417 1.6)
(1.378012339 1.781281417 1.6)
(1.551906412 1.781281417 1.6)
(1.712910536 1.781281417 1.6)
(1.861980183 1.781281417 1.6)
(2 1.781281417 1.6)
(0 2 1.6)
(0.2760396336 2 1.6)
(0.5316177499 2 1.6)
(0.7682510648 2 1.6)
(0.9873438672 2 1.6)
(1.190196353 2 1.6)
(1.378012339 2 1.6)
(1.551906412 2 1.6)
(1.712910536 2 1.6)
(1.861980183 2 1.6)
(2 2 1.6)
(0 0 1.8)
(0.2760396336 0 1.8)
(0.5316177499 0 1.8)
(0.7682510648 0 1.8)
(0.9873438672 0 1.8)
(1.190196353 0 1.8)
(1.378012339 0 1.8)
(1.551906412 0 1.8)
(1.712910536 0 1.8)
(1.861980183 0 1.8)
(2 0 1.8)
(0 0.1822654856 1.8)
(0.2760396336 0.1822654856 1.8)
(0.5316177499 0.1822654856 1.8)
(0.7682510648 0.1822654856 1.8)
(0.9873438672 0.1822654856 1.8)
(1.190196353 0.1822654856 1.8)
(1.378012339 0.1822654856 1.8)
(1.551906412 0.1822654856 1.8)
(1.712910536 0.1822654856 1.8)
(1.861980183 0.1822654856 1.8)
(2 0.1822654856 1.8)
(0 0.3682609497 1.8)
(0.2760396336 0.3682609497 1.8)
(0.5316177499 0.3682609497 1.8)
(0.7682510648 0.3682609497 1.8)
(0.9873438672 0.3682609497 1.8)
(1.190196353 0.3682609497 1.8)
(1.378012339 0.3682609497 1.8)
(1.551906412 0.3682609497 1.8)
(1.712910536 0.3682609497 1.8)
(1.861980183 0.3682609497 1.8)
(2 0.3682609497 1.8)
(0 0.5580627246 1.8)
(0.2760396336 0.5580627246 1.8)
(0.5316177499 0.5580627246 1.8)
(0.7682510648 0.5580627246 1.8)
(0.9873438672 0.5580627246 1.8)
(1.190196353 0.5580627246 1.8)
(1.378012339 0.5580627246 1.8)
(1.551906412 0.5580627246 1.8)
(1.712910536 0.5580627246 1.8)
(1.861980183 0.5580627246 1.8)
(2 0.5580627246 1.8)
(0 0.7517487047 1.8)
(0.2760396336 0.7517487047 1.8)
(0.5316177499 0.7517487047 1.8)
(0.7682510648 0.7517487047 1.8)
(0.9873438672 0.7517487047 1.8)
(1.190196353 0.7517487047 1.8)
(1.378012339 0.7517487047 1.8)
(1.551906412 0.7517487047 1.8)
(1.712910536 0.7517487047 1.8)
(1.861980183 0.7517487047 1.8)
(2 0.7517487047 1.8)
(0 0.9493983785 1.8)
(0.2760396336 0.9493983785 1.8)
(0.5316177499 0.9493983785 1.8)
(0.7682510648 0.9493983785 1.8)
(0.9873438672 0.9493983785 1.8)
(1.190196353 0.9493983785 1.8)
(1.378012339 0.9493983785 1.8)
(1.551906412 0.9493983785 1.8)
(1.712910536 0.9493983785 1.8)
(1.861980183 0.9493983785 1.8)
(2 0.9493983785 1.8)
(0 1.151092861 1.8)
(0.2760396336 1.151092861 1.8)
(0.5316177499 1.151092861 1.8)
(0.7682510648 1.151092861 1.8)
(0.9873438672 1.151092861 1.8)
(1.190196353 1.151092861 1.8)
(1.378012339 1.151092861 1.8)
(1.551906412 1.151092861 1.8)
(1.712910536 1.151092861 1.8)
(1.861980183 1.151092861 1.8)
(2 1.151092861 1.8)
(0 1.356914928 1.8)
(0.2760396336 1.356914928 1.8)
(0.5316177499 1.356914928 1.8)
(0.7682510648 1.356914928 1.8)
(0.9873438672 1.356914928 1.8)
(1.190196353 1.356914928 1.8)
(1.378012339 1.356914928 1.8)
(1.551906412 1.356914928 1.8)
(1.712910536 1.356914928 1.8)
(1.861980183 1.356914928 1.8)
(2 1.356914928 1.8)
(0 1.566949047 1.8)
(0.2760396336 1.566949047 1.8)
(0.5316177499 1.566949047 1.8)
(0.7682510648 1.566949047 1.8)
(0.9873438672 1.566949047 1.8)
(1.190196353 1.566949047 1.8)
(1.378012339 1.566949047 1.8)
(1.551906412 1.566949047 1.8)
(1.712910536 1.566949047 1.8)
(1.861980183 1.566949047 1.8)
(2 1.566949047 1.8)
(0 1.781281417 1.8)
(0.2760396336 1.781281417 1.8)
(0.5316177499 1.781281417 1.8)
(0.7682510648 1.781281417 1.8)
(0.9873438672 1.781281417 1.8)
(1.190196353 1.781281417 1.8)
(1.378012339 1.781281417 1.8)
(1.551906412 1.781281417 1.8)
(1.712910536 1.781281417 1.8)
(1.861980183 1.781281417 1.8)
(2 1.781281417 1.8)
(0 2 1.8)
(0.2760396336 2 1.8)
(0.5316177499 2 1.8)
(0.7682510648 2 1.8)
(0.9873438672 2 1.8)
(1.190196353 2 1.8)
(1.378012339 2 1.8)
(1.551906412 2 1.8)
(1.712910536 2 1.8)
(1.861980183 2 1.8)
(2 2 1.8)
(0 0 2)
(0.2760396336 0 2)
(0.5316177499 0 2)
(0.7682510648 0 2)
(0.9873438672 0 2)
(1.190196353 0 2)
(1.378012339 0 2)
(1.551906412 0 2)
(1.712910536 0 2)
(1.861980183 0 2)
(2 0 2)
(0 0.1822654856 2)
(0.2760396336 0.1822654856 2)
(0.5316177499 0.1822654856 2)
(0.7682510648 0.1822654856 2)
(0.9873438672 0.1822654856 2)
(1.190196353 0.1822654856 2)
(1.378012339 0.1822654856 2)
(1.551906412 0.1822654856 2)
(1.712910536 0.1822654856 2)
(1.861980183 0.1822654856 2)
(2 0.1822654856 2)
(0 0.3682609497 2)
(0.2760396336 0.3682609497 2)
(0.5316177499 0.3682609497 2)
(0.7682510648 0.3682609497 2)
(0.9873438672 0.3682609497 2)
(1.190196353 0.3682609497 2)
(1.378012339 0.3682609497 2)
(1.551906412 0.3682609497 2)
(1.712910536 0.3682609497 2)
(1.861980183 0.3682609497 2)
(2 0.3682609497 2)
(0 0.5580627246 2)
(0.2760396336 0.5580627246 2)
(0.5316177499 0.5580627246 2)
(0.7682510648 0.5580627246 2)
(0.9873438672 0.5580627246 2)
(1.190196353 0.5580627246 2)
(1.378012339 0.5580627246 2)
(1.551906412 0.5580627246 2)
(1.712910536 0.5580627246 2)
(1.861980183 0.5580627246 2)
(2 0.5580627246 2)
(0 0.7517487047 2)
(0.2760396336 0.7517487047 2)
(0.5316177499 0.7517487047 2)
(0.7682510648 0.7517487047 2)
(0.9873438672 0.7517487047 2)
(1.190196353 0.7517487047 2)
(1.378012339 0.7517487047 2)
(1.551906412 0.7517487047 2)
(1.712910536 0.7517487047 2)
(1.861980183 0.7517487047 2)
(2 0.7517487047 2)
(0 0.9493983785 2)
(0.2760396336 0.9493983785 2)
(0.5316177499 0.9493983785 2)
(0.7682510648 0.9493983785 2)
(0.9873438672 0.9493983785 2)
(1.190196353 0.9493983785 2)
(1.378012339 0.9493983785 2)
(1.551906412 0.9493983785 2)
(1.712910536 0.9493983785 2)
(1.861980183 0.9493983785 2)
(2 0.9493983785 2)
(0 1.151092861 2)
(0.2760396336 1.151092861 2)
(0.5316177499 1.151092861 2)
(0.7682510648 1.151092861 2)
(0.9873438672 1.151092861 2)
(1.190196353 1.151092861 2)
(1.378012339 1.151092861 2)
(1.551906412 1.151092861 2)
(1.712910536 1.151092861 2)
(1.861980183 1.151092861 2)
(2 1.151092861 2)
(0 1.356914928 2)
(0.2760396336 1.356914928 2)
(0.5316177499 1.356914928 2)
(0.7682510648 1.356914928 2)
(0.9873438672 1.356914928 2)
(1.190196353 1.356914928 2)
(1.378012339 1.356914928 2)
(1.551906412 1.356914928 2)
(1.712910536 1.356914928 2)
(1.861980183 1.356914928 2)
(2 1.356914928 2)
(0 1.566949047 2)
(0.2760396336 1.566949047 2)
(0.5316177499 1.566949047 2)
(0.7682510648 1.566949047 2)
(0.9873438672 1.566949047 2)
(1.190196353 1.566949047 2)
(1.378012339 1.566949047 2)
(1.551906412 1.566949047 2)
(1.712910536 1.566949047 2)
(1.861980183 1.566949047 2)
(2 1.566949047 2)
(0 1.781281417 2)
(0.2760396336 1.781281417 2)
(0.5316177499 1.781281417 2)
(0.7682510648 1.781281417 2)
(0.9873438672 1.781281417 2)
(1.190196353 1.781281417 2)
(1.378012339 1.781281417 2)
(1.551906412 1.781281417 2)
(1.712910536 1.781281417 2)
(1.861980183 1.781281417 2)
(2 1.781281417 2)
(0 2 2)
(0.2760396336 2 2)
(0.5316177499 2 2)
(0.7682510648 2 2)
(0.9873438672 2 2)
(1.190196353 2 2)
(1.378012339 2 2)
(1.551906412 2 2)
(1.712910536 2 2)
(1.861980183 2 2)
(2 2 2)
)


// ************************************************************************* //
